%YAML:1.0
---
K_00: !!opencv-matrix
   rows: 3
   cols: 3
   dt: d
   data: [9.842439e+02, 0.000000e+00, 6.900000e+02, 0.000000e+00, 9.808141e+02, 2.331966e+02, 0.000000e+00, 0.000000e+00, 1.000000e+00]
D_00: !!opencv-matrix
   rows: 5
   cols: 1
   dt: d
   data: [-3.728755e-01, 2.037299e-01, 2.219027e-03, 1.383707e-03, -7.233722e-02]
R_00: !!opencv-matrix
   rows: 3
   cols: 3
   dt: d
   data: [1.000000e+00, 0.000000e+00, 0.000000e+00, 0.000000e+00, 1.000000e+00, 0.000000e+00, 0.000000e+00, 0.000000e+00, 1.000000e+00]
T_00: !!opencv-matrix
   rows: 3
   cols: 1
   dt: d
   data: [2.573699e-16, -1.059758e-16, 1.614870e-16]
S_rect_00: !!opencv-matrix
   rows: 2
   cols: 1
   dt: d
   data: [1.242000e+03, 3.750000e+02]
R_rect_00: !!opencv-matrix
   rows: 3
   cols: 3
   dt: d
   data: [9.999239e-01, 9.837760e-03, -7.445048e-03, -9.869795e-03, 9.999421e-01, -4.278459e-03, 7.402527e-03, 4.351614e-03, 9.999631e-01]
P_rect_00: !!opencv-matrix
   rows: 3
   cols: 4
   dt: d
   data: [7.215377e+02, 0.000000e+00, 6.095593e+02, 0.000000e+00, 0.000000e+00, 7.215377e+02, 1.728540e+02, 0.000000e+00, 0.000000e+00, 0.000000e+00, 1.000000e+00, 0.000000e+00]

S_02: !!opencv-matrix
   rows: 2
   cols: 1
   dt: d
   data: [1.392000e+03, 5.120000e+02]
K_02: !!opencv-matrix
   rows: 3
   cols: 3
   dt: d
   data: [9.597910e+02, 0.000000e+00, 6.960217e+02, 0.000000e+00, 9.569251e+02, 2.241806e+02, 0.000000e+00, 0.000000e+00, 1.000000e+00]
D_02: !!opencv-matrix
   rows: 5
   cols: 1
   dt: d
   data: [-3.691481e-01, 1.968681e-01, 1.353473e-03, 5.677587e-04, -6.770705e-02]
R_02: !!opencv-matrix
   rows: 3
   cols: 3
   dt: d
   data: [9.999758e-01, -5.267463e-03, -4.552439e-03, 5.251945e-03, 9.999804e-01, -3.413835e-03, 4.570332e-03, 3.389843e-03, 9.999838e-01]
T_02: !!opencv-matrix
   rows: 3
   cols: 1
   dt: d
   data: [5.956621e-02, 2.900141e-04, 2.577209e-03]
S_rect_02: !!opencv-matrix
   rows: 2
   cols: 1
   dt: d
   data: [1.242000e+03, 3.750000e+02]
R_rect_02: !!opencv-matrix
   rows: 3
   cols: 3
   dt: d
   data: [9.998817e-01, 1.511453e-02, -2.841595e-03, -1.511724e-02, 9.998853e-01, -9.338510e-04, 2.827154e-03, 9.766976e-04, 9.999955e-01]
P_rect_02: !!opencv-matrix
   rows: 3
   cols: 4
   dt: d
   data: [7.215377e+02, 0.000000e+00, 6.095593e+02, 4.485728e+01, 0.000000e+00, 7.215377e+02, 1.728540e+02, 2.163791e-01, 0.000000e+00, 0.000000e+00, 1.000000e+00, 2.745884e-03]