%YAML:1.0
---
K1: !!opencv-matrix
   rows: 3
   cols: 3
   dt: d
   data: [ 3.4989100000000002e+02, 0., 3.3435199999999998e+02, 0.,
       3.4989100000000002e+02, 1.8793700000000001e+02, 0., 0., 1. ]
D1: !!opencv-matrix
   rows: 5
   cols: 1
   dt: d
   data: [ -1.7304200000000000e-01, 2.5883099999999999e-02, 0., 0., 0. ]
R1: !!opencv-matrix
   rows: 3
   cols: 3
   dt: d
   data: [ 9.9977867089532724e-01, 1.0736722986048365e-03,
       2.1010865059967812e-02, -1.2128085729139963e-03,
       9.9997741500992010e-01, 6.6104890472306228e-03,
       -2.1003293030818618e-02, -6.6345081108774217e-03,
       9.9975739306293110e-01 ]
P1: !!opencv-matrix
   rows: 3
   cols: 4
   dt: d
   data: [ 3.3896861492255556e+02, 0., 3.3386190414428711e+02, 0., 0.,
       3.3896861492255556e+02, 1.8936856842041016e+02, 0., 0., 0., 1.,
       0. ]
K2: !!opencv-matrix
   rows: 3
   cols: 3
   dt: d
   data: [ 3.5011200000000002e+02, 0., 3.4588000000000000e+02, 0.,
       3.5011200000000002e+02, 1.8989099999999999e+02, 0., 0., 1. ]
D2: !!opencv-matrix
   rows: 5
   cols: 1
   dt: d
   data: [ -1.7420900000000000e-01, 2.6726000000000000e-02, 0., 0., 0. ]
R2: !!opencv-matrix
   rows: 3
   cols: 3
   dt: d
   data: [ 1., -3.2512512647409064e-17, 0., 1.0842021724855044e-19,
       9.9997810834102274e-01, -6.6168601851478081e-03, 0.,
       6.6168601851478055e-03, 9.9997810834102263e-01 ]
P2: !!opencv-matrix
   rows: 3
   cols: 4
   dt: d
   data: [ 3.3896861492255556e+02, 0., 3.3386190414428711e+02,
       -4.0676233790706661e+01, 0., 3.3896861492255556e+02,
       1.8936856842041016e+02, 0., 0., 0., 1., 0. ]
