%YAML:1.0
camLeft: !!opencv-matrix
    rows: 3
    cols: 3
    dt: d
    data: [ 342.791722406, 0.000000000, 334.706838415, 0.000000000, 344.124356670, 196.550957810, 0.000000000, 0.000000000, 1.000000000]
radDistLeft: !!opencv-matrix
    rows: 2
    cols: 1
    dt: d
    data: [ -0.161924070, -0.015440781]
tanDistLeft: !!opencv-matrix
    rows: 2
    cols: 1
    dt: d
    data: [ 0.000000000, 0.000000000]
camRight: !!opencv-matrix
    rows: 3
    cols: 3
    dt: d
    data: [ 341.251535539, 0.000000000, 349.920842696, 0.000000000, 342.367160436, 198.743062491, 0.000000000, 0.000000000, 1.000000000]
radDistRight: !!opencv-matrix
    rows: 2
    cols: 1
    dt: d
    data: [ -0.158054176, -0.057099581]
tanDistRight: !!opencv-matrix
    rows: 2
    cols: 1
    dt: d
    data: [ 0.000000000, 0.000000000]
rotationLeftToRight: !!opencv-matrix
    rows: 3
    cols: 3
    dt: d
    data: [ 0.999979587, 0.000561197, -0.006364804, -0.000626206, 0.999947614, -0.010216470, 0.006358737, 0.010220247, 0.999927554]
translationLeftToRight: !!opencv-matrix
    rows: 3
    cols: 1
    dt: d
    data: [ -0.113323042, 0.000474592, -0.003483791]
